2 48 60 59
2 49 57 63
2 53 62 66
2 52 54 68
2 20 71 58
2 21 75 61
2 1 58 80
2 12 65 49
2 13 61 52
2 30 50 59
2 31 61 67
2 9 60 60
2 8 63 50
2 27 70 64
2 26 56 67
2 6 69 54
2 7 60 69
2 3 57 64
2 2 50 67
2 36 76 66
2 37 50 59
2 60 62 62
2 61 64 61
2 34 65 61
2 35 74 63
2 46 74 59
2 47 62 56
2 57 54 56
2 56 64 55
2 43 58 70
2 42 64 58
2 51 56 74
2 50 69 55
2 18 71 68
2 19 64 62
2 23 66 64
2 22 64 62
2 54 62 65
2 55 75 62
2 24 72 63
2 25 67 68
2 15 64 56
2 14 61 54
2 29 71 76
2 28 67 58
2 10 60 49
2 11 66 49
2 45 60 56
2 0 56 69
2 44 74 75
2 39 78 58
2 38 61 63
2 5 61 59
2 4 79 55
2 63 57 63
2 62 49 67
2 33 62 54
2 32 62 53
2 17 61 58
2 16 63 59
2 58 64 65
2 59 62 55
2 40 52 52
2 41 74 51
5 48 58 67
5 49 63 68
5 53 66 67
5 52 63 66
5 20 72 65
5 21 69 62
5 12 58 56
5 13 75 64
5 30 63 69
5 31 61 56
5 9 57 53
5 8 73 51
5 27 58 57
5 26 65 54
5 6 61 83
5 7 56 68
5 3 56 69
5 2 66 70
5 36 63 57
5 37 62 72
5 60 63 82
5 61 74 62
5 34 64 53
5 35 65 72
5 46 57 71
5 47 65 56
5 57 67 70
5 56 58 60
5 43 58 58
5 42 72 55
5 51 58 71
5 50 65 63
5 18 54 61
5 19 53 46
5 23 54 58
5 22 67 50
5 54 58 61
5 55 66 65
5 24 67 66
5 25 52 57
5 15 62 67
5 14 53 82
5 29 61 53
5 28 61 68
5 10 84 73
5 11 81 53
5 0 61 56
5 45 67 55
5 1 74 58
5 39 65 50
5 38 52 71
5 5 64 61
5 4 68 63
5 63 59 58
5 62 61 63
5 33 69 65
5 32 67 57
5 17 65 53
5 16 51 54
5 44 55 62
5 58 74 52
5 59 67 57
5 40 72 59
5 41 67 65
6 48 69 57
6 49 56 58
6 53 55 74
6 52 52 62
6 20 65 53
6 21 50 75
6 12 61 61
6 13 60 69
6 30 52 56
6 31 64 63
6 9 73 68
6 8 63 54
6 27 64 55
6 26 64 51
6 6 51 67
6 7 57 59
6 3 74 62
6 2 61 66
6 36 48 74
6 37 57 57
6 60 61 58
6 61 71 68
6 34 63 70
6 35 54 64
6 46 82 50
6 47 49 76
6 57 65 67
6 56 61 68
6 43 64 61
6 42 59 68
6 51 56 50
6 50 54 68
6 18 67 58
6 19 69 63
6 23 68 57
6 22 63 57
6 54 65 52
6 55 55 64
6 24 51 68
6 25 59 56
6 15 59 60
6 14 57 72
6 29 57 72
6 28 62 80
6 10 74 67
6 11 66 63
6 45 59 61
6 0 74 68
6 1 83 63
6 39 57 66
6 38 70 56
6 5 63 62
6 4 71 75
6 63 70 59
6 62 49 65
6 33 56 57
6 32 64 75
6 17 67 66
6 16 58 53
6 44 59 74
6 58 60 63
6 59 66 57
6 40 63 70
6 41 72 60
